17949
16355
2149
40386
40699
41064
10214
14048
30691
7038
16110
41867
42439
9749
37582
46329
33314
13410
65058
48478
7932
33670
3214
57702
12938
33715
44363
44693
56610
48365
7359
30424
36398
54664
10084
14537
37045
43229
11428
35770
48045
49907
48622
64662
34280
49927
32989
1844
18311
1891
12695
50468
52082
2289
36920
4512
55465
10425
26656
12373
65023
40258
11719
35905
28755
9689
20069
23422
3350
11876
55223
30324
48616
58255
42111
31483
20377
9641
32627
2218
58453
23570
26964
2336
10032
29732
19234
14301
19467
10638
14874
34631
17221
27365
9090
18007
49609
57437
16795
41463
19802
27739
23731
239
12204
53747
16957
59249
27107
27886
27515
18977
45896
15777
56612
9761
33267
10538
25595
40614
45233
43176
30700
63147
47966
45063
61957
20832
51145
4940
2507
60327
56869
24608
38510
22225
15923
1241
43041
24388
42821
48886
14351
39528
34228
62667
57800
56656
12872
41339
33382
601
1019
27533
55209
46710
46130
62860
7916
30941
9731
20865
34902
24481
48022
7206
37279
35821
5778
18240
62411
57045
2824
11361
25700
30455
9346
36423
37765
44281
60460
42888
22559
46098
739
64900
8848
8794
35589
7908
34238
33958
37398
47469
55365
47577
33385
3077
46228
15261
52852
60322
1995
13600
17313
42145
44722
30099
54822
33340
36262
62024
27805
50004
1834
54663
46389
4933
37844
37309
29007
5848
39262
20242
52235
23814
64589
24932
13834
43404
978
33067
12760
32803
12525
57406
23043
31564
33823
9964
27036
64687
12049
5134
64061
22527
58619
11755
7628
44975
25706
22728
42646
19808
41584
37911
23501
35519
23007
51135
7093
8916
965
51504
62914
33736
14463
21218
5629
65134
44457
62021
18015
18169
60357
13952
15078
62048
6816
6100
36809
35191
974
29276
42827
34416
31430
63850
37800
30580
33074
37130
10890
29009
46952
64499
53246
40099
25503
8928
38805
40412
47631
27152
360
53814
11119
63486
56904
18574
41452
2071
10447
12761
32210
21280
53407
31185
17863
53155
22462
51549
49736
1361
37037
25062
15344
32978
62421
53001
57219
41135
42337
9091
42173
39316
63266
25274
13547
46799
40319
27257
8095
11697
61501
31823
36194
25978
63841
50156
42461
3169
10882
33796
3836
19146
52571
3571
33139
39582
29642
13761
6851
22503
12254
31934
14770
52108
27240
56448
42709
57319
4016
41850
6801
43680
7014
42813
56406
44693
32725
42911
61146
64870
65078
54579
43530
59671
57350
17773
41111
40192
2127
47932
35748
63685
35279
38052
46703
18893
43133
12444
64782
50857
54178
36066
4062
58832
63181
50600
61491
7267
19601
8466
54631
13504
19294
17128
8988
5514
3186
27112
19767
31450
48006
21437
25442
10929
54675
48991
10207
38372
45576
60337
41801
34213
36440
53648
58382
30194
62558
59876
17404
64670
19029
51586
7018
11748
60481
47684
8144
18534
46023
15027
58896
11689
63988
14486
44665
51129
10114
13944
1344
39610
59660
58720
5266
26720
16044
8835
12604
9574
24233
37191
3833
7371
53991
3098
47475
11223
15710
65410
29125
39711
49845
4575
41322
30183
34881
42065
25071
279
56644
9774
34828
22326
17380
37047
34781
24082
26087
56424
62023
36634
12570
53471
14465
4922
37097
11201
1316
53323
743
65253
63909
28577
13447
4699
22211
29805
56815
36840
54686
60595
43566
52164
16616
33246
34106
28073
43404
62823
34140
56880
2807
54380
38198
49951
63684
12554
22200
39405
21660
60355
37695
32427
55083
57484
11070
50942
25976
40149
25874
61684
11136
64420
55449
9432
27016
42363
63747
7038
57848
24902
28930
4256
11559
60426
34002
46737
42648
40237
27201
7796
40672
1717
50797
45569
26162
31355
7343
45727
14446
32990
7951
63711
9207
55731
16448
44975
29597
14008
13947
35907
43262
1677
63247
7907
39666
2521
4432
40333
12862
6242
50657
20578
39239
9131
10909
11504
35004
48706
38038
20771
59070
62666
11857
54553
57110
13789
29078
48267
21693
8902
26396
55612
26250
4823
23697
57373
17882
40915
53204
16101
52526
59970
52793
57284
53730
14949
64918
47445
48639
60467
3000
2450
29022
3267
50440
28742
2798
62417
38432
53246
3918
22270
37526
14425
24604
39998
12040
61950
51956
30698
60038
42908
16099
30520
64778
12418
18150
60413
27443
36048
34411
39007
21496
37157
7628
29500
63711
46193
65239
18042
34261
38455
63600
49539
28624
37543
13143
51739
60158
1105
52240
26346
22211
23956
26276
65417
274
50729
64280
61448
37090
24501
38070
34776
6511
16222
28087
38994
64438
52800
17336
13177
37230
59224
15079
19171
15066
15295
23943
34504
63399
21902
9701
6236
45150
54083
27211
1879
53987
197
1845
47798
50711
58624
19430
22258
63631
54036
13224
14898
14688
61734
2386
65452
33226
23753
5892
18618
4079
19003
20527
14948
30579
57457
33595
29542
14806
40035
4629
59292
16060
43692
43100
56311
43470
9031
2652
26759
43313
10377
17583
50805
55895
7314
2188
1197
19522
63365
24464
59732
19303
4393
37521
3732
28079
47749
52499
6320
33170
58277
53604
2098
25445
55125
52091
38810
29949
11946
49629
40502
48824
24695
18185
5256
11133
25122
21179
28504
64517
22384
46005
6221
28343
14969
28725
15172
47387
9149
63442
31041
11291
41314
64657
17110
42507
37670
38324
13939
4628
50119
23705
22953
32042
63531
7630
63752
27345
11479
36332
26439
20592
938
62953
23607
2664
626
46200
56427
25477
50943
44397
1640
25427
4944
43953
61219
39700
58442
27083
36984
31093
17323
28477
18133
17220
21134
29080
12842
31015
2375
7727
8027
36972
17373
32729
11575
11538
5156
62230
53450
50788
43965
21647
64151
27316
62768
51809
6044
25600
40064
60048
20456
53996
37060
47091
28473
2458
12859
54832
11545
61675
28364
48096
20278
4803
2704
37713
17580
55126
34521
56750
8627
1134
22656
62662
15177
55430
64130
54415
22440
572
31726
31300
28010
56365
19668
60019
5671
30384
42129
3381
9304
8658
2488
63218
38343
64383
28797
34853
26062
62679
31878
9811
29636
22586
42625
30637
54244
62489
2358
49221
58007
7938
9459
46859
25902
5195
63457
18701
56830
2066
56771
58823
5928
29079
1671
10040
17600
44608
16606
14111
8016
23095
57664
28433
177
47057
50740
50965
35225
47364
46432
38001
13221
51249
24826
29774
42259
11315
28715
35502
46706
53358
34287
14640
6627
